              precision    recall  f1-score   support

           0     0.9993    0.9946    0.9969      4059
           1     0.9523    0.9976    0.9744       420
           2     1.0000    0.4667    0.6364        15
           3     1.0000    1.0000    1.0000        14
           4     1.0000    1.0000    1.0000         6
           5     1.0000    1.0000    1.0000       206
           6     0.9844    0.9922    0.9883       255
          10     1.0000    0.8000    0.8889         5
          13     1.0000    1.0000    1.0000        11
          14     0.6000    1.0000    0.7500         9

    accuracy                         0.9932      5000
   macro avg     0.9536    0.9251    0.9235      5000
weighted avg     0.9939    0.9932    0.9931      5000
